%YAML:1.0
---
R: !!opencv-matrix
   rows: 3
   cols: 3
   dt: d
   data: [ 9.9970941135354796e-01, 6.2295863489391235e-04,
       -2.4097816782473781e-02, -7.0836750589867235e-04,
       9.9999349784976277e-01, -3.5358837188364371e-03,
       2.4095457385554041e-02, 3.5519263415443752e-03,
       9.9970335237641628e-01 ]
T: !!opencv-matrix
   rows: 3
   cols: 1
   dt: d
   data: [ -1.1828756712699328e+02, 2.7898779770354702e-02,
       -1.5718118234526635e-01 ]
R1: !!opencv-matrix
   rows: 3
   cols: 3
   dt: d
   data: [ 9.9974068616529221e-01, 3.9182407647575388e-04,
       -2.2768550670691150e-02, -4.3220247574379730e-04,
       9.9999834274159671e-01, -1.7685347268175809e-03,
       2.2767819982833167e-02, 1.7779167452647282e-03,
       9.9973919868397487e-01 ]
R2: !!opencv-matrix
   rows: 3
   cols: 3
   dt: d
   data: [ 9.9999908932515302e-01, -2.3585534000951464e-04,
       1.3288043961139861e-03, 2.3349854569933376e-04,
       9.9999840009347185e-01, 1.7734962435543514e-03,
       -1.3292205587106896e-03, -1.7731843545819182e-03,
       9.9999754449196065e-01 ]
P1: !!opencv-matrix
   rows: 3
   cols: 4
   dt: d
   data: [ 3.9364239187363643e+02, 0., 3.3017256927490234e+02, 0., 0.,
       3.9364239187363643e+02, 2.6307568740844727e+02, 0., 0., 0., 1.,
       0. ]
P2: !!opencv-matrix
   rows: 3
   cols: 4
   dt: d
   data: [ 3.9364239187363643e+02, 0., 3.3017256927490234e+02,
       -4.6563043256575256e+04, 0., 3.9364239187363643e+02,
       2.6307568740844727e+02, 0., 0., 0., 1., 0. ]
Q: !!opencv-matrix
   rows: 4
   cols: 4
   dt: d
   data: [ 1., 0., 0., -3.3017256927490234e+02, 0., 1., 0.,
       -2.6307568740844727e+02, 0., 0., 0., 3.9364239187363643e+02, 0.,
       0., 8.4539661573355060e-03, 0. ]
