%YAML:1.0
---
M1: !!opencv-matrix
   rows: 3
   cols: 3
   dt: d
   data: [ 4.1942248461575537e+02, 0., 3.1792976612566548e+02, 0.,
       4.1942248461575537e+02, 2.5825903523505002e+02, 0., 0., 1. ]
D1: !!opencv-matrix
   rows: 1
   cols: 14
   dt: d
   data: [ -3.7610147136203656e-02, 8.8284984062114422e-02, 0., 0., 0.,
       0., 0., 6.0432144015246193e-02, 0., 0., 0., 0., 0., 0. ]
M2: !!opencv-matrix
   rows: 3
   cols: 3
   dt: d
   data: [ 4.1942248461575537e+02, 0., 3.2573947996988068e+02, 0.,
       4.1942248461575537e+02, 2.6230635084402195e+02, 0., 0., 1. ]
D2: !!opencv-matrix
   rows: 1
   cols: 14
   dt: d
   data: [ -4.5632554463605098e-02, 1.7492115804641020e-01, 0., 0., 0.,
       0., 0., 1.7408560053472613e-01, 0., 0., 0., 0., 0., 0. ]
