<?xml version="1.0"?>
<opencv_storage>
  <camera1_cameraMatrix type_id="opencv-matrix">
    <rows>3</rows>
    <cols>3</cols>
    <dt>d</dt>
    <data>
      7.2397406057081776e+02 0. 6.0698494248013719e+02 0.
      7.2615027360808278e+02 3.9640102371838708e+02 0. 0. 1.</data></camera1_cameraMatrix>
  <camera1_distCoeffs type_id="opencv-matrix">
    <rows>1</rows>
    <cols>14</cols>
    <dt>d</dt>
    <data>
      -2.4560315188156316e-02 6.7213664939920523e-02
      6.5722408298395823e-04 -2.8845486034400920e-03 0. 0. 0.
      4.4374083882151770e-02 0. 0. 0. 0. 0. 0.</data></camera1_distCoeffs>
  <camera1_R1 type_id="opencv-matrix">
    <rows>3</rows>
    <cols>3</cols>
    <dt>d</dt>
    <data>
      9.9898438508305099e-01 7.9772060864153685e-03 4.4345941677828273e-02
      -8.3608617899464197e-03 9.9992915224015233e-01
      8.4726908606286289e-03 -4.4275211466100341e-02
      -8.8348561587172254e-03 9.9898030559480355e-01</data></camera1_R1>
  <camera1_P1 type_id="opencv-matrix">
    <rows>3</rows>
    <cols>4</cols>
    <dt>d</dt>
    <data>
      6.2905983577399240e+02 0. 6.1616995239257812e+02 0. 0.
      6.2905983577399240e+02 3.8069463729858398e+02 0. 0. 0. 1. 0.</data></camera1_P1>
  <camera1_validRoi>
    140 61 1119 599</camera1_validRoi>
  <camera3_cameraMatrix type_id="opencv-matrix">
    <rows>3</rows>
    <cols>3</cols>
    <dt>d</dt>
    <data>
      7.2071740389808065e+02 0. 6.5311480623865282e+02 0.
      7.2247337805735856e+02 3.5943125139233649e+02 0. 0. 1.</data></camera3_cameraMatrix>
  <camera3_distCoeffs type_id="opencv-matrix">
    <rows>1</rows>
    <cols>14</cols>
    <dt>d</dt>
    <data>
      -2.9724697949876568e-02 5.4802085233991292e-02
      3.0431429454657682e-03 -8.4785449833336083e-03 0. 0. 0.
      3.3079668529677093e-02 0. 0. 0. 0. 0. 0.</data></camera3_distCoeffs>
  <camera3_R1 type_id="opencv-matrix">
    <rows>3</rows>
    <cols>3</cols>
    <dt>d</dt>
    <data>
      9.9912575408708471e-01 7.6266558747640862e-03
      -4.1104277637276081e-02 -7.9822452757280036e-03
      9.9993206776229893e-01 -8.4937401050169028e-03
      4.1036706498846443e-02 8.8144189134270867e-03 9.9911875907669068e-01</data></camera3_R1>
  <camera3_P1 type_id="opencv-matrix">
    <rows>3</rows>
    <cols>4</cols>
    <dt>d</dt>
    <data>
      6.2905983577399240e+02 0. 6.1616995239257812e+02
      -4.4640190121874941e+05 0. 6.2905983577399240e+02
      3.8069463729858398e+02 0. 0. 0. 1. 0.</data></camera3_P1>
  <camera3_validRoi>
    15 59 1119 618</camera3_validRoi>
  <Q type_id="opencv-matrix">
    <rows>4</rows>
    <cols>4</cols>
    <dt>d</dt>
    <data>
      1. 0. 0. -6.1616995239257812e+02 0. 1. 0. -3.8069463729858398e+02 0.
      0. 0. 6.2905983577399240e+02 0. 0. 1.4091782182301582e-03 0.</data></Q>
</opencv_storage>