<?xml version="1.0"?>
<opencv_storage>
<camera1_cameraMatrix type_id="opencv-matrix">
  <rows>3</rows>
  <cols>3</cols>
  <dt>d</dt>
  <data>
    7.1554872601160923e+02 0. 5.9550464307207062e+02 0.
    7.1558470921285766e+02 4.0437329460154962e+02 0. 0. 1.</data></camera1_cameraMatrix>
<camera1_distCoeffs type_id="opencv-matrix">
  <rows>1</rows>
  <cols>14</cols>
  <dt>d</dt>
  <data>
    -6.4027987703825257e-02 7.5813464013028034e-02
    1.6392630134600616e-03 -4.3580835311638338e-03 0. 0. 0.
    2.7176069556225889e-02 0. 0. 0. 0. 0. 0.</data></camera1_distCoeffs>
<camera1_R1 type_id="opencv-matrix">
  <rows>3</rows>
  <cols>3</cols>
  <dt>d</dt>
  <data>
    9.9888146763712837e-01 5.5588284897305964e-03
    -4.6956501540448163e-02 -5.0713532033004613e-03
    9.9993207443129062e-01 1.0494184114218227e-02 4.7011647363007024e-02
    -1.0244313025161603e-02 9.9884180882803386e-01</data></camera1_R1>
<camera1_P1 type_id="opencv-matrix">
  <rows>3</rows>
  <cols>4</cols>
  <dt>d</dt>
  <data>
    6.5037793138525353e+02 0. 6.4536392974853516e+02 0. 0.
    6.5037793138525353e+02 3.9544049453735352e+02 0. 0. 0. 1. 0.</data></camera1_P1>
<camera1_validRoi>
  50 40 1174 640</camera1_validRoi>
<camera2_cameraMatrix type_id="opencv-matrix">
  <rows>3</rows>
  <cols>3</cols>
  <dt>d</dt>
  <data>
    7.1037861488479678e+02 0. 6.8566790719342885e+02 0.
    7.1112100625679818e+02 3.8084140699481719e+02 0. 0. 1.</data></camera2_cameraMatrix>
<camera2_distCoeffs type_id="opencv-matrix">
  <rows>1</rows>
  <cols>14</cols>
  <dt>d</dt>
  <data>
    -9.2714057949156312e-02 5.9620676835308098e-02
    1.1427017293582358e-03 7.2534287271020237e-03 0. 0. 0.
    1.7372219703794708e-02 0. 0. 0. 0. 0. 0.</data></camera2_distCoeffs>
<camera2_R1 type_id="opencv-matrix">
  <rows>3</rows>
  <cols>3</cols>
  <dt>d</dt>
  <data>
    9.9883870657545848e-01 3.5049485028636638e-03 4.8051572114313768e-02
    -3.0062170114634359e-03 9.9994090517997825e-01
    -1.0447430647078813e-02 -4.8085350221713168e-02
    1.0290844661047401e-02 9.9879021701767645e-01</data></camera2_R1>
<camera2_P1 type_id="opencv-matrix">
  <rows>3</rows>
  <cols>4</cols>
  <dt>d</dt>
  <data>
    6.5037793138525353e+02 0. 6.4536392974853516e+02
    -1.3093390913666169e+05 0. 6.5037793138525353e+02
    3.9544049453735352e+02 0. 0. 0. 1. 0.</data></camera2_P1>
<camera2_validRoi>
  31 32 1228 671</camera2_validRoi>
<Q type_id="opencv-matrix">
  <rows>4</rows>
  <cols>4</cols>
  <dt>d</dt>
  <data>
    1. 0. 0. -6.4536392974853516e+02 0. 1. 0. -3.9544049453735352e+02 0.
    0. 0. 6.5037793138525353e+02 0. 0. 4.9672230491982373e-03 0.</data></Q>
</opencv_storage>
